1.000000000000000000e+00 1.000000000000000000e+00 1.000000000000000000e+00 1.000000000000000000e+00 1.000000000000000000e+00 1.000000000000000000e+00 1.000000000000000000e+00 1.000000000000000000e+00 1.000000000000000000e+00 1.000000000000000000e+00 9.998980177066814079e-01 9.960385217436882321e-01 9.876275042350457500e-01 9.774947471763628659e-01 9.694417495588836253e-01 9.639825820873667572e-01 9.610046430218126545e-01 9.604878081427524750e-01 9.610359988910036622e-01 9.600547182421869108e-01 9.570505569103170407e-01 9.531402251794327540e-01 9.499406310049826052e-01 9.485599844504051248e-01 9.490755563525480332e-01 9.508037003184554026e-01 9.528774859551979448e-01 9.546485883430670949e-01 9.558476025654736308e-01 9.565790950663686232e-01 9.571668866102585049e-01 9.578968468847440798e-01 9.588434736853068685e-01 9.599098565520890469e-01 9.609746236194472990e-01 9.620051519750105751e-01 9.630661311190106266e-01 9.642316588947315026e-01 9.654808403458750021e-01 9.666736071621188087e-01 9.676011192332716337e-01 9.681639294129893436e-01 9.685229512968891452e-01 9.691181864661634338e-01 9.705180332803896581e-01 9.730826843063320464e-01 9.765656769159681838e-01 9.799477970893349932e-01 9.817955044322149716e-01 9.809924865883210554e-01 9.773015652162946321e-01 9.715361546381471314e-01 9.652992359537060363e-01 9.603249058922590509e-01 9.576248420794049032e-01 9.571242772072013905e-01 9.584635018335617707e-01 9.608819392811422944e-01 9.577544778737091535e-01 9.395645228700926221e-01 9.026219022534675007e-01 8.387743890164319760e-01 7.438428947251785051e-01 6.233098487893566908e-01 4.962080728470467106e-01 3.712074448016183803e-01 2.562140772957717805e-01 1.605584402905924080e-01 8.863152969477249010e-02 3.882680305911451885e-02 1.031681195116321281e-02 3.152718756469180365e-04 5.742591792226627138e-10 1.275257353516735066e-17 3.104431237886009810e-27 5.823285145237254833e-39 2.360471742507901509e-53 6.515450332165015282e-71 6.115402875167969534e-92 1.113275449190432068e-116 3.357791097365177569e-145 3.035193728290666095e-177 2.902092270916327926e-215 3.089293237419108115e-262 3.458459520888725809e-323 0.000000000000000000e+00 0.000000000000000000e+00 0.000000000000000000e+00 0.000000000000000000e+00 0.000000000000000000e+00
9.901556550670023160e-01 9.889556097335647777e-01 9.903676844297516491e-01 9.912073122557762961e-01 9.915860924152074540e-01 9.916680224327560911e-01 9.920269014858570378e-01 9.945439913287295042e-01 9.976965654575524756e-01 9.977282918822699687e-01 9.903845503242857395e-01 9.764481501034953936e-01 9.558277786415547705e-01 9.331612438337183457e-01 9.136355109366735006e-01 9.016311730258239621e-01 8.954062722092274162e-01 8.920626279488608201e-01 8.902275372318375624e-01 8.884011646638592108e-01 8.850034273877381841e-01 8.804965958136095061e-01 8.764345109879319029e-01 8.742144100389880323e-01 8.742809530699643394e-01 8.760998295854270923e-01 8.787194796461249569e-01 8.813178605240503671e-01 8.834434691082385660e-01 8.850277664955633616e-01 8.862820266773756561e-01 8.875108832794998959e-01 8.889077205936465331e-01 8.904853565541184235e-01 8.921714441779239335e-01 8.939232566347906639e-01 8.957461770963368597e-01 8.976292783996919766e-01 8.994907550633756133e-01 9.011682222568095924e-01 9.025185453537560853e-01 9.035758689089100626e-01 9.046393139521822224e-01 9.062486390432390460e-01 9.089597082395090011e-01 9.129181162066151156e-01 9.174917875394774658e-01 9.213507810366206030e-01 9.229812851628047543e-01 9.213390705313093676e-01 9.163204874411308154e-01 9.088704282884498831e-01 9.007378201830694708e-01 8.938880483470927896e-01 8.900248411328556264e-01 8.912683508638968854e-01 8.981061261195166789e-01 9.082852686597882030e-01 9.157547669358087061e-01 9.112966607815676801e-01 8.895691743934438511e-01 8.463553086730873920e-01 7.816146515391464433e-01 6.887693530557710275e-01 5.756786085374500095e-01 4.563896539679053177e-01 3.419468556481358723e-01 2.395201612298179239e-01 1.552147786729635159e-01 8.940291989436074949e-02 4.154695509964093092e-02 1.192335183977312300e-02 1.602805013401465166e-03 1.464708359922348147e-09 1.015895024683708959e-17 5.414568777559891678e-28 1.598187801988157492e-40 1.836323656046972248e-55 6.838575114415954298e-73 5.302419413211032709e-93 3.560180564746865872e-116 5.537290028863016755e-143 2.494627824385647919e-174 9.203301158439819838e-212 5.405877799963087144e-258 4.545300187953841545e-318 0.000000000000000000e+00 0.000000000000000000e+00 0.000000000000000000e+00 0.000000000000000000e+00
9.441920438219227885e-01 9.411915433992211755e-01 9.419357500047648157e-01 9.441158826166342610e-01 9.468327804093897848e-01 9.503706389619883677e-01 9.570742437904302680e-01 9.663011274266168904e-01 9.762266334379354760e-01 9.812336721260076500e-01 9.728687578848036477e-01 9.484741085722834253e-01 9.144058659242261244e-01 8.772049153809432509e-01 8.421667991262381525e-01 8.150539472331287394e-01 7.999522128956321199e-01 7.938810127284092744e-01 7.901393636675605459e-01 7.874767100050754642e-01 7.836822456428972350e-01 7.787515793235131323e-01 7.741351770787480158e-01 7.713364197102654529e-01 7.710600606325228590e-01 7.729289423136540549e-01 7.759424855613846761e-01 7.791331588817255183e-01 7.819172969195044010e-01 7.841248598736679787e-01 7.858935293166742220e-01 7.875198304239544589e-01 7.892693103119157172e-01 7.912355623195954646e-01 7.933868152340284308e-01 7.956730527310826862e-01 7.980546140145614586e-01 8.004635007814127068e-01 8.027823296493316052e-01 8.048298566941257670e-01 8.065200470979450031e-01 8.079722024457224316e-01 8.095817099651749782e-01 8.119581844477111732e-01 8.156320454346863702e-01 8.205744626694143617e-01 8.258973478900452081e-01 8.300871765497171983e-01 8.315866549602488611e-01 8.293521973307909079e-01 8.233450714687287064e-01 8.147038355711672120e-01 8.060785497737793515e-01 8.026510638082472449e-01 8.061230452014749304e-01 8.158687301815105153e-01 8.319168105552475767e-01 8.524111723687842757e-01 8.708795216262350536e-01 8.767062309591447944e-01 8.674269687210266477e-01 8.421589114157478351e-01 7.997745724055247418e-01 7.385880381288402186e-01 6.556177080564110637e-01 5.515847192869185456e-01 4.396275925004342056e-01 3.328463488731192577e-01 2.380406110971836908e-01 1.570243799375329319e-01 9.209981564506189433e-02 4.397507342087330490e-02 1.473071227963642510e-02 2.960358386388998661e-03 2.481377424384405956e-09 1.432297928520893729e-17 8.175036979393914162e-28 4.019408518486856540e-40 1.242282908929167000e-54 1.328268466833235447e-71 2.300560108247577512e-91 3.066614656881837502e-114 1.048640824533992706e-140 1.352995619626299007e-171 1.890071678590436096e-208 5.168685487149090722e-254 2.343632558476396156e-313 0.000000000000000000e+00 0.000000000000000000e+00 0.000000000000000000e+00
8.627056337365663907e-01 8.591499443069752218e-01 8.591190133854867961e-01 8.613916817341867871e-01 8.677446037206881790e-01 8.765870633742491869e-01 8.910870009535232228e-01 9.115027381285948360e-01 9.327398879446138213e-01 9.452498404734441806e-01 9.405778207335541152e-01 9.145769696455147146e-01 8.697252441201099860e-01 8.151493195711244644e-01 7.625942502014905200e-01 7.173189641849497811e-01 6.849725703658910980e-01 6.686730720111981885e-01 6.627756994492086662e-01 6.588447745973110559e-01 6.542679776409342507e-01 6.488616944589690183e-01 6.438960856996777116e-01 6.408157040771211843e-01 6.403735097133085308e-01 6.422991286197397010e-01 6.455942645167764837e-01 6.491855725413019362e-01 6.523985226983204377e-01 6.550336120105992865e-01 6.572191823232398367e-01 6.592334824117344061e-01 6.613387232019717343e-01 6.636585978667770558e-01 6.661880675634426208e-01 6.688756855574151672e-01 6.716629414738194415e-01 6.744686803322873514e-01 6.771591453882094269e-01 6.795634869380487997e-01 6.816109819960063376e-01 6.834545336877821953e-01 6.855381569549121590e-01 6.884959100924517017e-01 6.928180811888360324e-01 6.983753994266362897e-01 7.041984716184213067e-01 7.087070422336096964e-01 7.102329251548702427e-01 7.076442917227852014e-01 7.016898582531742035e-01 6.974423194514434154e-01 6.980645102655730350e-01 7.056462464097447151e-01 7.200270893114695259e-01 7.420457848414405699e-01 7.687057106418216934e-01 7.947268172808528153e-01 8.162949280656445206e-01 8.294255314259467715e-01 8.298051304949625173e-01 8.187524466105107201e-01 7.975482714053840905e-01 7.617484779092217329e-01 7.090258062654098969e-01 6.369461292296110244e-01 5.462803127664471736e-01 4.414172801720987471e-01 3.376387794684688748e-01 2.429657994112805752e-01 1.612034741504802249e-01 9.506394730766774825e-02 4.670698047141470799e-02 1.693577600957930571e-02 3.162108731602162812e-03 2.950494977049965468e-09 2.107836039563163946e-17 2.019037034031680981e-27 2.020102660220912691e-39 1.273188585035874457e-53 2.576265596126782325e-70 8.245053938291501861e-90 2.254151565873259779e-112 2.053865027235413105e-138 9.096630606807024523e-169 5.103077713155679302e-205 5.689053541584816780e-250 2.161184121611268187e-308 0.000000000000000000e+00 0.000000000000000000e+00
7.454682827168912507e-01 7.425798143873924007e-01 7.420650613266893680e-01 7.437252773329741107e-01 7.524111518055898173e-01 7.681205314650556559e-01 7.939706392442947847e-01 8.289764121408929043e-01 8.652439986500579661e-01 8.909876113426336008e-01 8.963646233715522049e-01 8.744133180007080952e-01 8.242647811748391451e-01 7.536392062414656312e-01 6.791947864941010327e-01 6.143019886160888676e-01 5.631973318878089607e-01 5.293195207295046112e-01 5.120019568220344208e-01 5.039564240884603086e-01 4.986443564773209713e-01 4.926034549252178985e-01 4.872390742934896157e-01 4.840098395644956142e-01 4.836497864391166579e-01 4.858466346137046421e-01 4.894754594126144442e-01 4.933171456013703549e-01 4.966724506070178680e-01 4.994094101014240894e-01 5.017220834817350816e-01 5.039052572459736812e-01 5.062046351768899610e-01 5.087221396798161654e-01 5.114361872551589361e-01 5.142910645783905776e-01 5.172409413716305693e-01 5.202284375986668818e-01 5.231304448715865529e-01 5.257624646794034629e-01 5.280097424179744925e-01 5.299957244088581154e-01 5.321841328846944608e-01 5.352472747597917246e-01 5.397736804857184989e-01 5.456728498712904996e-01 5.519741781719913476e-01 5.570182688105096425e-01 5.591961700818056658e-01 5.606115320440815397e-01 5.646200714053184466e-01 5.724622674883186324e-01 5.868226644819459770e-01 6.089918150226891758e-01 6.386718263322878064e-01 6.742272652548856327e-01 7.089080757724610660e-01 7.368043846686517240e-01 7.541097462108067306e-01 7.650170141549633707e-01 7.721156196132867855e-01 7.724479497049431265e-01 7.665983302739836081e-01 7.541343626921994669e-01 7.319163530040529997e-01 6.939418909533410229e-01 6.351601187334655618e-01 5.542454270749149758e-01 4.537333883737802998e-01 3.496151274880476278e-01 2.519269798779634750e-01 1.669376079761798748e-01 9.921304533880659360e-02 4.954091798359681886e-02 1.777430770935385304e-02 2.910542220076702425e-03 3.626788364362426245e-09 4.007406278639230839e-17 6.721744182129449170e-27 1.190461860155660054e-38 1.295587123615787901e-52 4.670662313003356485e-69 3.117608269709947319e-88 2.325799556069984664e-110 7.709780490529542811e-136 1.420992544503599167e-165 3.387929041633726769e-201 3.532140996939536643e-245 6.169868463600322887e-301 0.000000000000000000e+00
5.894177254653760745e-01 5.881689708201415234e-01 5.877339570151346448e-01 5.903470649904152268e-01 5.999137110857979405e-01 6.231045855782246790e-01 6.610514052744806968e-01 7.129921691746526902e-01 7.696357533366311454e-01 8.154034297059735703e-01 8.380736570579874201e-01 8.282864739119910613e-01 7.802462212958507504e-01 7.010643037703525593e-01 6.095101500935377059e-01 5.247539618305535614e-01 4.536497772908311132e-01 3.991399359126691082e-01 3.630023781972540053e-01 3.422681187879386688e-01 3.329024452337167039e-01 3.277357457616250080e-01 3.229998265527296297e-01 3.200619313145564027e-01 3.196401911294610154e-01 3.214767384499316871e-01 3.246194542708463748e-01 3.280446424570464536e-01 3.311089741282696730e-01 3.336221745333495248e-01 3.357066489264819431e-01 3.376277753849963315e-01 3.396356359847032547e-01 3.418482023368913381e-01 3.442606686759787649e-01 3.468239679917917706e-01 3.494822963701743612e-01 3.521582527422471021e-01 3.547242674265799756e-01 3.570173935586040681e-01 3.589701795267407070e-01 3.607284557950022341e-01 3.627156991513434958e-01 3.655366401238472340e-01 3.696588933196312543e-01 3.749591837994343257e-01 3.805138269152698594e-01 3.860731079614970196e-01 3.953098568959212411e-01 4.102080253008956179e-01 4.319238361852016928e-01 4.590391637342947639e-01 4.935989051560803476e-01 5.352672256706559883e-01 5.816743760240320471e-01 6.302567307771288485e-01 6.672109870754426852e-01 6.869735568465151765e-01 6.922288815715192944e-01 6.879868398711560529e-01 6.872990904627068742e-01 6.914067623352448955e-01 7.004539901996538198e-01 7.121326616323184755e-01 7.208375917643777830e-01 7.203220496700422082e-01 6.967005610830901974e-01 6.476963937118326298e-01 5.721658938920205495e-01 4.738960980027988046e-01 3.664724093774801017e-01 2.627126127464143868e-01 1.747876605254077287e-01 1.041488474892588723e-01 5.155008169932448481e-02 1.803583585432996794e-02 2.951100993905885449e-03 5.555288750334588941e-09 9.516512793850227820e-17 2.543852403330168153e-26 7.279929133642908268e-38 1.370084109478561930e-51 1.033150831966126064e-67 2.001194452455003196e-86 5.829592096341877385e-108 8.541287809038514972e-133 7.235599189956969003e-162 1.879710201114520686e-196 1.530296669026548805e-237 7.505075563630273966e-289
4.105822762355925137e-01 4.118318899700949554e-01 4.127711065677804325e-01 4.160274756756704995e-01 4.267249329107586364e-01 4.549770596520120725e-01 5.035164775003874160e-01 5.718371024810584569e-01 6.527812567461005466e-01 7.242234721389920749e-01 7.703487948608471747e-01 7.829793948809994353e-01 7.532972187761505234e-01 6.809031471544829683e-01 5.827195756281305927e-01 4.812746785508928982e-01 3.899929055494544272e-01 3.157005257810915344e-01 2.595247059851720772e-01 2.208725343967706256e-01 1.966862732173190187e-01 1.872807189134617079e-01 1.832258287057622337e-01 1.807865929821171613e-01 1.805457343342214693e-01 1.821745439193554472e-01 1.848009745685935956e-01 1.875817815825833457e-01 1.900082758695465779e-01 1.919322605368680157e-01 1.934737309096565827e-01 1.948911212445346708e-01 1.964158671068882700e-01 1.981295390580196381e-01 2.000044471394251122e-01 2.019970000050304026e-01 2.040726315902208765e-01 2.061720784923121164e-01 2.081930361193814194e-01 2.099775427118259208e-01 2.114506152859395027e-01 2.127162302661040061e-01 2.141189846122895368e-01 2.161901847645247010e-01 2.193921196824419884e-01 2.237001024822322659e-01 2.308884804702073523e-01 2.449271133734076122e-01 2.704435448090319327e-01 3.051987371540374472e-01 3.479633226038331140e-01 3.974765627504119325e-01 4.537100270248801692e-01 5.145932744851202667e-01 5.766246946374782301e-01 6.271626106625840524e-01 6.550047003505968801e-01 6.580070805154870639e-01 6.426093340226618489e-01 6.144776079914922029e-01 5.863220085026691342e-01 5.753865403150093538e-01 5.888383232063529871e-01 6.217812671076093922e-01 6.594365085749760436e-01 6.943989359609573642e-01 7.106580585122970195e-01 6.988022101162008060e-01 6.575508373803471418e-01 5.864727062508681144e-01 4.905563865824976166e-01 3.786530870270738425e-01 2.717328728152791362e-01 1.805881012915215855e-01 1.069422939940407047e-01 5.261948661942682931e-02 1.861158221816389124e-02 3.215726651892963570e-03 9.539894857540505798e-09 2.432976628341731705e-16 1.006630300267915290e-25 4.866588027779456121e-37 1.877440734211220697e-50 4.025778472338419658e-66 3.070889378802815291e-84 4.051667639478065755e-105 2.639106727650851564e-129 2.306796944023936898e-157 3.718934568152046258e-189 3.869315715580180530e-226
2.526591074734762521e-01 2.553033652282821198e-01 2.563153124646287973e-01 2.582617977575221713e-01 2.691176027970317297e-01 2.984920945270600479e-01 3.525040757841755301e-01 4.305983146279528939e-01 5.255665282083704648e-01 6.227208994069033388e-01 6.972065855643403420e-01 7.369093035076001996e-01 7.355519430405967896e-01 6.885505063465436892e-01 6.023339010841763930e-01 4.941925150553454493e-01 3.870277328825090235e-01 2.936964837180491839e-01 2.185072618447503889e-01 1.592090892602868180e-01 1.160150470237227005e-01 9.061910827176863914e-02 8.232027262150887204e-02 8.057815468484585963e-02 8.062795406374306806e-02 8.198916674041065167e-02 8.394966314615363856e-02 8.589424209902682406e-02 8.748500723664613676e-02 8.867066534422415880e-02 8.960932986862403526e-02 9.052898283594180973e-02 9.157434938123230894e-02 9.275502220335057890e-02 9.401685819279056999e-02 9.532788140039553937e-02 9.669212048969907936e-02 9.810139777937333661e-02 9.949449159924843300e-02 1.007498762234854128e-01 1.017604324162091761e-01 1.025517133304965356e-01 1.033475755719643341e-01 1.045519648398009066e-01 1.065810012277786933e-01 1.125413242982149370e-01 1.290951345233386505e-01 1.605159958254409325e-01 2.061121950102262346e-01 2.628039816330867695e-01 3.289210805115623804e-01 4.011845719026275736e-01 4.774535007450368962e-01 5.510127188579103663e-01 6.151190768066696624e-01 6.517522499628264354e-01 6.559307256421149646e-01 6.335968513720665607e-01 5.896947302453833251e-01 5.343288403462881364e-01 4.800855341909760488e-01 4.488034758695327864e-01 4.499204477038041272e-01 4.860834570928144749e-01 5.491326351307438403e-01 6.151126430928429700e-01 6.696710459705551566e-01 7.003221139572868292e-01 6.987125271214078559e-01 6.635101833900552970e-01 5.964710731195631555e-01 5.008380601123129106e-01 3.867330541257563148e-01 2.773233322743053342e-01 1.834258440226418374e-01 1.087369218945207910e-01 5.399710238172954202e-02 1.960414766214516741e-02 3.502685275087100841e-03 1.695658685172701983e-08 6.484386754382063987e-16 4.433147844987401611e-25 4.197619877052464263e-36 4.235517714098766618e-49 3.302596663620840575e-64 1.090270471542085194e-81 6.222845031164460977e-102 3.594384243230763930e-125 1.187168025886802639e-150 6.265141397877382549e-179
1.306331751528763963e-01 1.336741480217219225e-01 1.338073407770649370e-01 1.330128231735590583e-01 1.410731899843470916e-01 1.700998003702387795e-01 2.226928474229078192e-01 3.016430847144604410e-01 4.041410660021059753e-01 5.171620785334992698e-01 6.163900648263707094e-01 6.872802251867732304e-01 7.173784099421905980e-01 7.031285596454078801e-01 6.461376438543502410e-01 5.562741998925819775e-01 4.439305924456599106e-01 3.355608160845820476e-01 2.411056834195095255e-01 1.611614190923404688e-01 9.749022796510146971e-02 5.310291374802490055e-02 2.893885454923439057e-02 2.242276960402653924e-02 2.250727017648595021e-02 2.352512428361688487e-02 2.474655748515877315e-02 2.578971412659060783e-02 2.649591815965069916e-02 2.692675788167643927e-02 2.727295957898709378e-02 2.770289683926930799e-02 2.826044791070565776e-02 2.888853377261798791e-02 2.951566794935882657e-02 3.012263596302923452e-02 3.074753910144341351e-02 3.143402004609412853e-02 3.216977193522096989e-02 3.287229632687387743e-02 3.341858907024208153e-02 3.375007707693371273e-02 3.396153644572666441e-02 3.431215899199457214e-02 3.806452784967574027e-02 5.465348638365267325e-02 8.839701185810464046e-02 1.397709464136214219e-01 2.065484288867096285e-01 2.860281124738374148e-01 3.747002119206300774e-01 4.654074750994821041e-01 5.508905479512499204e-01 6.169941787907172737e-01 6.602259117530440147e-01 6.752260767536116814e-01 6.536740548273074491e-01 6.014201153144462797e-01 5.290478403423958254e-01 4.475578665879373919e-01 3.728248758594963075e-01 3.256932646324013914e-01 3.146034524929947618e-01 3.416858033515999815e-01 4.049679467185061110e-01 4.929448961534869667e-01 5.830379073651220656e-01 6.523336058881904487e-01 6.925451074080888336e-01 6.986586290767478058e-01 6.695467494340263670e-01 6.042962996511684892e-01 5.073746897816132639e-01 3.915713597357016740e-01 2.807436830581211407e-01 1.858503391492006274e-01 1.110600751933259328e-01 5.582210183716098534e-02 2.061105847400847291e-02 3.695284937803970833e-03 3.113867194869980005e-08 1.895473123030345904e-15 2.387143380726861829e-24 5.274572873450847959e-35 1.707752293478043309e-47 5.403707923211801581e-62 7.390010022123231540e-79 3.245970354612673768e-98 4.787433829326739575e-119 1.781039488688669221e-141
4.851758568191860688e-02 5.094728819672285358e-02 5.029592363313162284e-02 4.877060046289478923e-02 5.212746475985632899e-02 7.553855399984650554e-02 1.220910541634377539e-01 1.935446328936066829e-01 2.915439526422688998e-01 4.074100916600967293e-01 5.258150778583923213e-01 6.241204043017740677e-01 6.890334997342567602e-01 7.120371216273602144e-01 6.923403681891217021e-01 6.350216301766108407e-01 5.462779471619820804e-01 4.332181680623649056e-01 3.214780516967536972e-01 2.216339647687350922e-01 1.385584773249899093e-01 7.560739628122262190e-02 3.305241066511371839e-02 9.924784069988284996e-03 3.067143691422258029e-03 2.686736836781541092e-03 2.971788350407466011e-03 3.151624451609723581e-03 3.210784300732827910e-03 3.216948931150732764e-03 3.242223148120453209e-03 3.316497748062003682e-03 3.428240991680113394e-03 3.547491553098758039e-03 3.649298467946360085e-03 3.729230397639728481e-03 3.805130431761790267e-03 3.903732305275311142e-03 4.037420840033500991e-03 4.185035810450462961e-03 4.300108616315793074e-03 4.347640418236354241e-03 4.326982737422989042e-03 7.767267884226763432e-03 2.410599328130783731e-02 5.842198195715638670e-02 1.113649554338865949e-01 1.819170931687655868e-01 2.698305202163859273e-01 3.687870483590580672e-01 4.726591912295349251e-01 5.668844385996963942e-01 6.360641732045287933e-01 6.788139797640636575e-01 6.940443311099770973e-01 6.799429512588284208e-01 6.317048300981027431e-01 5.540200470266619659e-01 4.577662552737373214e-01 3.542117471868565515e-01 2.701841548799254755e-01 2.148897112562659917e-01 1.944521746915585103e-01 2.134612114303445218e-01 2.699756507108500014e-01 3.589302535146977058e-01 4.621545334537631167e-01 5.638525365649215138e-01 6.427389467863691142e-01 6.896404332323624597e-01 7.018556367434295451e-01 6.747490064101210328e-01 6.090412130409399438e-01 5.116422879254481915e-01 3.954691736808973457e-01 2.842923124677443347e-01 1.891897603858805621e-01 1.138427614103666580e-01 5.771492881318410900e-02 2.153007349237017268e-02 3.854788900134107060e-03 5.949179225143707252e-08 6.285377302899739960e-15 1.645827426040079665e-23 1.030277925558215627e-33 1.281675537244257315e-45 1.646928336836383558e-59 1.523681882763874962e-75 1.148938724843256616e-92 7.599972685784285706e-111
7.357081540286768140e-03 8.224724356800102582e-03 7.165496459239203454e-03 6.548318311415498444e-03 6.844166630881800412e-03 1.994807469630464208e-02 5.448493136892214317e-02 1.132436893763263536e-01 1.963843280040593609e-01 3.032350997952046323e-01 4.233407241556869094e-01 5.430407431453962985e-01 6.385180626400573933e-01 7.000809648143863084e-01 7.207597865451397245e-01 7.029536605637789481e-01 6.460553747270332270e-01 5.553800147853461544e-01 4.387252875508160233e-01 3.242556705283243801e-01 2.228434398661079674e-01 1.409947743796970410e-01 7.927704973627087981e-02 3.645756170430800025e-02 1.161852214887159652e-02 1.874368547915599781e-03 1.995118688438249533e-08 3.398011077442682365e-14 8.728615171895380918e-17 1.598369613308644105e-16 2.949538412720220768e-16 5.466964595456484967e-16 1.006846686283708013e-15 1.822642044149392583e-15 3.229090685704033955e-15 5.623512824586649534e-15 9.731568648504878167e-15 1.687277865108032436e-14 2.962621076061435513e-14 5.362583789675563843e-14 1.207316670918899923e-13 4.787868017087193529e-08 4.490515635367735466e-03 2.233594535587447860e-02 5.795792768374859877e-02 1.128560038807910337e-01 1.858991284648948139e-01 2.762481190286799615e-01 3.816937689691214386e-01 4.913036313294614765e-01 5.880762542751459820e-01 6.596019221897226892e-01 6.996348667759401119e-01 7.093881631345433370e-01 6.895863390055325670e-01 6.426829238716059711e-01 5.694755106508518905e-01 4.739810383316874765e-01 3.675418300795548765e-01 2.643950894316074995e-01 1.797421082963149286e-01 1.220390018232424545e-01 9.771691644724207759e-02 1.104562934426897292e-01 1.607722567430273086e-01 2.387880566140505867e-01 3.354014055303962683e-01 4.449721222995037806e-01 5.535696961739317024e-01 6.384912669148764541e-01 6.913612866882158370e-01 7.042851185470326847e-01 6.780148626034397941e-01 6.128665536949268189e-01 5.160749108853726064e-01 4.001229173852110521e-01 2.887587770830640777e-01 1.930353391118761475e-01 1.168803913529613686e-01 5.977849360640240944e-02 2.264055788824737361e-02 4.136912730180170202e-03 1.167236660886083015e-07 2.385463304545247987e-14 1.610259852425975919e-22 3.823291527074383754e-32 1.978171953698154290e-43 1.410406548744659455e-56 1.321647469770628375e-70 1.769951339843221545e-85
8.284465705734995740e-13 7.343718556797241881e-13 5.662513935573908452e-13 2.450207835195724059e-11 8.813400895290477605e-07 2.845247084311162619e-03 2.061031074219820194e-02 6.060956199618965090e-02 1.241546060430784859e-01 2.097871122681587430e-01 3.156836118392625790e-01 4.352885405829199361e-01 5.546953848729627712e-01 6.481329544559737421e-01 7.086930337288591675e-01 7.297965020547595438e-01 7.105279339775270042e-01 6.521615196712515772e-01 5.609882485633229665e-01 4.455096946751567755e-01 3.332072339840649322e-01 2.341622466046666129e-01 1.531193804208487441e-01 9.059845390974588519e-02 4.556659681852646970e-02 1.745941704967288177e-02 3.849814004386443913e-03 2.544225143288206106e-07 3.933562778175356984e-12 2.301104086997556864e-17 4.156666617758269119e-23 2.508402254542351043e-29 4.600319941011748143e-31 1.517628053465039501e-30 4.811629674519783695e-30 1.487349757579474399e-29 4.591689809829449006e-29 1.563052970293172260e-28 5.770516005020379061e-21 1.424683962907111559e-13 1.790115871485324675e-07 5.005087075546260297e-03 2.499127850374303558e-02 6.243234641173581179e-02 1.190300776803141225e-01 1.940972418952613132e-01 2.872870985475945438e-01 3.946759224374412622e-01 5.067048611258420099e-01 6.034340555826583907e-01 6.725901587332964171e-01 7.095862544280462370e-01 7.143350053757030471e-01 6.863781587919344229e-01 6.305614619627609718e-01 5.516686449506466028e-01 4.557158343608597173e-01 3.575299034506792539e-01 2.624573796635730760e-01 1.762899286325759762e-01 1.052766455272292762e-01 5.631547907920905760e-02 3.363373932056610421e-02 4.213475224401334873e-02 8.141085474262231558e-02 1.424765070532778011e-01 2.233607540868403074e-01 3.235974424957910323e-01 4.367758254297063880e-01 5.503996808065276802e-01 6.386895044152122169e-01 6.928453351759490397e-01 7.065144652370033418e-01 6.814535550371934036e-01 6.174771141054028467e-01 5.215269742147752297e-01 4.055858600780815060e-01 2.939135669722693911e-01 1.974008152881982225e-01 1.203377622827610238e-01 6.222932736414174548e-02 2.408983390108116601e-02 4.592559946553005645e-03 2.498236913768939720e-07 1.250537634663775637e-13 3.347309205494116059e-21 3.413796232658391868e-30 7.164963172910384599e-41 2.516250464282737913e-52 1.557314143889959120e-64
3.312558596339913265e-24 2.109009028560751855e-24 2.567032852633962478e-24 2.465748728772607083e-19 1.445822092869044761e-11 2.058831800806809042e-05 5.286698069811909990e-03 2.599457211265390408e-02 6.785813527853899740e-02 1.319785943939053297e-01 2.167591430886327830e-01 3.204510101511263143e-01 4.376779423459170038e-01 5.561809013044275440e-01 6.494434725088608085e-01 7.088339576326510016e-01 7.288235723967358970e-01 7.093841077064844125e-01 6.530825598400771259e-01 5.661744844237740493e-01 4.576689128980483412e-01 3.497397921810299626e-01 2.517574603971037828e-01 1.696735865756069384e-01 1.044036168220662253e-01 5.556537200299176138e-02 2.301679479969609074e-02 5.089383913447478522e-03 8.076507540733436849e-06 1.153658247771628354e-09 7.479842299999421346e-14 1.794388736741796154e-18 1.133363978464523986e-23 1.307096633140922687e-29 2.968898639823091250e-36 1.905389135802390942e-36 1.427528962780860885e-27 2.321253871068078153e-19 2.246093580323487458e-12 1.162436020029157085e-06 5.030629245048877027e-03 2.654556128605311746e-02 6.634285792338058541e-02 1.250779511661154753e-01 2.018555177400979950e-01 2.973622573382472267e-01 4.066539118692888977e-01 5.192685663118546957e-01 6.139177630097887306e-01 6.797698911365510632e-01 7.121229765690753055e-01 7.106226550328514913e-01 6.739580688709188028e-01 6.091406449926689559e-01 5.217619065691330160e-01 4.219436535611649775e-01 3.246613431073793188e-01 2.380374655820616803e-01 1.629575375277008686e-01 1.001225990254826920e-01 5.232358876009528953e-02 2.111826370782683010e-02 5.213759218968888262e-03 7.739138493628438913e-03 3.064786291234355975e-02 7.237108587968643647e-02 1.339911168085285709e-01 2.167799480074759089e-01 3.200548825979105394e-01 4.357544655709790216e-01 5.503518878808535408e-01 6.397451371269011755e-01 6.949593535490140583e-01 7.097225653115892818e-01 6.858581790874346273e-01 6.229233633248845159e-01 5.277015628847352424e-01 4.117103633031345411e-01 2.995644409480291981e-01 2.021275999014607028e-01 1.240514685194332584e-01 6.481856492327307817e-02 2.552314644588107515e-02 4.941358970327330499e-03 7.879664929422474058e-07 1.695980126312597783e-12 1.864415645107514431e-19 4.906036035048936204e-28 2.130543482170346164e-37 1.962242928789156623e-47
1.983500419602475220e-33 1.182027278828995574e-33 9.833605908585694922e-35 7.213591849409844158e-28 2.548400295801324754e-18 1.299843272319658941e-10 1.285906590786298209e-04 5.516907007210400393e-03 2.772934553064428445e-02 7.001054764213057724e-02 1.334027210197727686e-01 2.163690581373370336e-01 3.183722060866008285e-01 4.335162727793986370e-01 5.505014382962364339e-01 6.420023117819682046e-01 7.002973150702085370e-01 7.209116825726740174e-01 7.055135760369087849e-01 6.568247393710021642e-01 5.780495913218235415e-01 4.776016657578127100e-01 3.722547880993419267e-01 2.730872279833650995e-01 1.876835282332520449e-01 1.179796317972808123e-01 6.576088646836135421e-02 2.894616850710254180e-02 7.173335982044998574e-03 2.339928896087340956e-04 4.062925331568066011e-07 1.732427964436260609e-10 1.620598149716051611e-14 2.542127839610223187e-19 9.435759669925840685e-25 1.093525484287054404e-24 1.449770717473574806e-17 5.374314769424046857e-11 1.324799136112372985e-05 5.134669928447418465e-03 2.705706952804939197e-02 6.856438522622658460e-02 1.297236973559412754e-01 2.089442894772669534e-01 3.065307405407067809e-01 4.179346947503824738e-01 5.319120338195727493e-01 6.246024817911921545e-01 6.869963970021393251e-01 7.133483425462338046e-01 7.043206031832701663e-01 6.616804333167656260e-01 5.876934094274044451e-01 4.905213225039606328e-01 3.867077729843957368e-01 2.905601351435319057e-01 2.076669685915588093e-01 1.384126244829069763e-01 8.427327393831454683e-02 4.360242322866864778e-02 1.699233237090651272e-02 4.143182173651643874e-03 2.925205234546739795e-05 9.655437855546716267e-05 5.509048979214188797e-03 2.765262281152661497e-02 6.976700441396803398e-02 1.329184665614708549e-01 2.159087554404787723e-01 3.194313629207000127e-01 4.356220693461292925e-01 5.510424112773932848e-01 6.413587360564315665e-01 6.976089926691116938e-01 7.134879193869413383e-01 6.907124496665819624e-01 6.286749486753389071e-01 5.341951721036262146e-01 4.182881054756036887e-01 3.054259766212029659e-01 2.068482981447933577e-01 1.275583691327247526e-01 6.707841740678210929e-02 2.657358023510994829e-02 5.087802547773737603e-03 7.147924124025141257e-06 5.696969219838402010e-11 9.790080962667361076e-18 1.839598225628426847e-25 9.711315162434070522e-34
1.207853287064118164e-44 7.168545374899661320e-45 3.348217528830144163e-46 7.157507617675740773e-39 1.866459284445608395e-27 4.968198973678107432e-18 1.979580427653094685e-10 1.685457444763972031e-04 5.470165343521333698e-03 2.755897125465198508e-02 6.969240751278488188e-02 1.324566994623224692e-01 2.137489064234489866e-01 3.125565918566939327e-01 4.243921721664538071e-01 5.382589454713012644e-01 6.278119717090920870e-01 6.874767771417846784e-01 7.133024595681866087e-01 7.059889362996196738e-01 6.661304616848936488e-01 5.963328154342081300e-01 5.033723863867213266e-01 3.971523161324674311e-01 2.962365840714215603e-01 2.086302463103809623e-01 1.355221620904473734e-01 7.895813351950572989e-02 3.831478697673677131e-02 1.369685688335343238e-02 3.278028476407435308e-03 4.070028830151728937e-05 3.238866724144661202e-08 4.914630143527454401e-12 2.253268894765952987e-16 1.645055021149174368e-15 1.169326678728884405e-09 1.681475310475124163e-04 6.117945001034044011e-03 2.838195470437753984e-02 7.019814981827503242e-02 1.322966736703571899e-01 2.139080289212012542e-01 3.138344684904184057e-01 4.273342969884281195e-01 5.428339847505109228e-01 6.344404278175826972e-01 6.945495157011003506e-01 7.170669100964675025e-01 7.022911702258290978e-01 6.520448744407663089e-01 5.710360830303211621e-01 4.670674319572857280e-01 3.592734208679091990e-01 2.620966280667882398e-01 1.805327591087833861e-01 1.147023656256976054e-01 6.588779898015476033e-02 3.164906472678137572e-02 1.056002250077272241e-02 1.707705380521420046e-03 5.484921428500525329e-06 1.508486821230356434e-09 5.899908779243230544e-11 6.387290899572717372e-05 5.254267205657397327e-03 2.726439947052116189e-02 6.935876141963728814e-02 1.326079116235049649e-01 2.155868065406725265e-01 3.191293592067107054e-01 4.356565601801398180e-01 5.518619841395880909e-01 6.427628580963425931e-01 6.997360621175502393e-01 7.166533931490642884e-01 6.950441247003016354e-01 6.340581427690946681e-01 5.405259050317415825e-01 4.245307226518570953e-01 3.109701701001917340e-01 2.110956958211711865e-01 1.305087821444366469e-01 6.937947500528283962e-02 2.807759142879033901e-02 5.973562710482421996e-03 1.215094918251844250e-04 1.271555725567702516e-09 4.375613812294990357e-16 4.968273428237097373e-23
2.622997766387424321e-60 1.556334335531585139e-60 7.109073093010330961e-62 1.293717279813846959e-52 5.546154356214722645e-39 1.408979001291028299e-27 2.923928127857778669e-18 9.061280690143265029e-11 6.730207713484264874e-05 5.256015165705888413e-03 2.722719538400627040e-02 6.861970075971329797e-02 1.291825460463525144e-01 2.071923056301848143e-01 3.019978867046427262e-01 4.095845139299968407e-01 5.192489586286682668e-01 6.099178638564068944e-01 6.750143569371551688e-01 7.092688087147056564e-01 7.109747628796772023e-01 6.802397761488191419e-01 6.180556271193775597e-01 5.313520870915793282e-01 4.250674175902778851e-01 3.224949999731772654e-01 2.327814824051583076e-01 1.567214259642068508e-01 9.638182374006629138e-02 5.310525653199564544e-02 2.465289804856419381e-02 8.535290041547287376e-03 9.072084678823141152e-04 9.064337546345172081e-07 2.074419558226374594e-10 1.742800982523665061e-08 1.260487607352387155e-03 9.647885555889353787e-03 3.325885180055444118e-02 7.516207496771877550e-02 1.364235492882973910e-01 2.183596971799187103e-01 3.193277206667170520e-01 4.333131801083114909e-01 5.495742695501485420e-01 6.413848365268308704e-01 7.002786939556985280e-01 7.204510635429989263e-01 7.029523179218202245e-01 6.474808508381255656e-01 5.604325042419699976e-01 4.504471667101229149e-01 3.407228987251545438e-01 2.418482156949433026e-01 1.601551040757761557e-01 9.638874251107938662e-02 5.072382888529326089e-02 2.111205221827366918e-02 5.545676896707726553e-03 8.670859657193987597e-05 1.890894331250876443e-07 5.228424712368425397e-11 1.941430511282796282e-15 9.618081990530394674e-19 2.132822995196253756e-11 4.248343818718038778e-05 5.160884056404190477e-03 2.710993093382293648e-02 6.916365081958955607e-02 1.323988244667166359e-01 2.153754735059187353e-01 3.189420964318788743e-01 4.353372632777125495e-01 5.516247453450168203e-01 6.430959338751440768e-01 7.010445879729043650e-01 7.190773465323244684e-01 6.989977279696339973e-01 6.392703648119313353e-01 5.466204925666788839e-01 4.300050031445081244e-01 3.164247812585065933e-01 2.163506555597617120e-01 1.352928419678652849e-01 7.368528297567077112e-02 3.186851683759125975e-02 8.897039652884318472e-03 1.249051427256182411e-03 1.117145905105646300e-08 1.270400754814659336e-14
1.816510835206617993e-64 2.176010703141453561e-64 1.621419305185762142e-64 5.594034207595443765e-65 2.662611397042080145e-53 9.575951001170088704e-40 1.663902085804583302e-28 2.923064231853746600e-19 9.190356982327312380e-12 8.130570264641315164e-06 5.079914880252355859e-03 2.650741005436266923e-02 6.563058156574023971e-02 1.226609423429437934e-01 1.965639278817116475e-01 2.866479621630487751e-01 3.899590919384697818e-01 4.969933832052688127e-01 5.928794638397852923e-01 6.661412633472716394e-01 7.091818439463251078e-01 7.195970989963290654e-01 6.942962739832362340e-01 6.401087495193341637e-01 5.579805444870167275e-01 4.547590341306916306e-01 3.525982475181289044e-01 2.622024741990638952e-01 1.845777974556279122e-01 1.212220513743468286e-01 7.212877969162122260e-02 3.665375460347376074e-02 1.307106884700241431e-02 3.086264652438939701e-03 5.238921791518003735e-06 3.539908563939317583e-03 1.525386591146652392e-02 4.162852521461322258e-02 8.539540104956686029e-02 1.473025518152484836e-01 2.277926879855693143e-01 3.269919020705329693e-01 4.388585733031936109e-01 5.536685813456398986e-01 6.446111340103534149e-01 7.030142686140203878e-01 7.221155667826621993e-01 7.029050582080168530e-01 6.451057113590146219e-01 5.547506790789334952e-01 4.406068531157362744e-01 3.284379753979888017e-01 2.281538157421590107e-01 1.464579690671918011e-01 8.421085158816676852e-02 4.031457526805176661e-02 1.397022371706719071e-02 2.579538087324873170e-03 1.282402617668837821e-06 7.383931321065228144e-10 1.734573702134437803e-13 7.404986160277670475e-18 3.983986609134686379e-23 3.067924609884665981e-28 1.364438884615525557e-19 9.478005911409093755e-12 1.850598114011832470e-05 5.088429041136007143e-03 2.700004480761103443e-02 6.903240362191796764e-02 1.322658719804569727e-01 2.152414785855496504e-01 3.179972606798850965e-01 4.337567672493501392e-01 5.502462546814089750e-01 6.428350880374646970e-01 7.022710778640480767e-01 7.218227218642574439e-01 7.031715477066993181e-01 6.444335805985614840e-01 5.528087493331289570e-01 4.371984084868152931e-01 3.239141939941324599e-01 2.241033633682898984e-01 1.428039164628352453e-01 8.032073201954904873e-02 3.802591102518206728e-02 1.308603562280386164e-02 3.087496931004999126e-03 5.031774462748218478e-08
4.662737312878529788e-41 5.888102097304712138e-41 4.737590631614519409e-41 2.205822670844621894e-41 1.209672623201973397e-41 1.824894457055054823e-41 7.746202799144734331e-41 5.628872031743770492e-30 1.022583819546749863e-20 4.068595968310019226e-13 5.690823750722017208e-07 5.004110960033440747e-03 2.443042801285921425e-02 6.008313373729469442e-02 1.130193280742897571e-01 1.825255158905126629e-01 2.683960262956772147e-01 3.689521756098397831e-01 4.765712086149015425e-01 5.797969735109349543e-01 6.588098793011203380e-01 7.069640272112559520e-01 7.231180834706359972e-01 7.058274413262213276e-01 6.563717928135307522e-01 5.794192610875331662e-01 4.839769355907632131e-01 3.895016433246482057e-01 2.973356766742718538e-01 2.146016084409214653e-01 1.436504267243410016e-01 8.584368437233179383e-02 4.207279141491546831e-02 1.490425704933789029e-02 7.135309927878515611e-03 1.904164469902746085e-02 4.900306155650750728e-02 9.642391322404873788e-02 1.615247429236699450e-01 2.429127507545705555e-01 3.411117792059110698e-01 4.504329631056929739e-01 5.593380174002018368e-01 6.460801659304550304e-01 7.020573006744881273e-01 7.208548209728353751e-01 7.005769679367224168e-01 6.414013111994913974e-01 5.496969495438277509e-01 4.341406586083088048e-01 3.205823681048247664e-01 2.201503926165153668e-01 1.381001962043487963e-01 7.595447777870201200e-02 3.336264422559195170e-02 9.433070077191525737e-03 1.144846217963049013e-03 3.690032643142372892e-08 8.600234827853107246e-13 2.304192204191417275e-17 3.241687892979423720e-22 1.271955251893803334e-27 7.659726318698773862e-34 5.764944507451515182e-40 1.104450039565492870e-29 3.734664991489317352e-20 2.841335079736257738e-12 5.458179643723875685e-06 5.045281388038394370e-03 2.693830402095953938e-02 6.896598244553768520e-02 1.319325981107468682e-01 2.140178087666949058e-01 3.158338608383225998e-01 4.313250259590609703e-01 5.488429648678400108e-01 6.427192028088728470e-01 7.038340531485980378e-01 7.249037742573228860e-01 7.066479984101107226e-01 6.500134422143896140e-01 5.606524842715443491e-01 4.470023181091384301e-01 3.335453856757208957e-01 2.326323770422723536e-01 1.507682045008159610e-01 8.870068011844868539e-02 4.464553948374008763e-02 1.634504144725234046e-02 3.076329476886358136e-03
7.060562680374403550e-21 8.850331754776194076e-21 7.270795034037969964e-21 3.879109018693453532e-21 2.260026279569098302e-21 2.503261636257435812e-21 4.055697835330387691e-21 6.189591048487209855e-21 8.506660321551013743e-21 1.120043547115715421e-20 1.385147023046264266e-14 4.789907059992516031e-08 4.339938829768920023e-03 2.065873569717482927e-02 5.250171394387360968e-02 1.013693658315594770e-01 1.671703325476990298e-01 2.504160733969662544e-01 3.500320296018901156e-01 4.580893473082477962e-01 5.641239872051553306e-01 6.461503057722549626e-01 6.972217028655847137e-01 7.156580361241788868e-01 7.018671175146515839e-01 6.593082044954077237e-01 5.948008390422743208e-01 5.118180666616291008e-01 4.166744495188828279e-01 3.221089092066358184e-01 2.328231536905690791e-01 1.519693715515139654e-01 8.578914866781139903e-02 4.163760522865316699e-02 3.024724262026757399e-02 5.225213577938737919e-02 1.029553339825490382e-01 1.727875789358647440e-01 2.584094878475841628e-01 3.592434055191179310e-01 4.671591734235555626e-01 5.703083545362405138e-01 6.502240707973054867e-01 6.992680591634605758e-01 7.148727253958988559e-01 6.933742230336776835e-01 6.340936088417538086e-01 5.425896813487607329e-01 4.267645656020555012e-01 3.135756015715934208e-01 2.143597482757497452e-01 1.337036455640069899e-01 7.172524493995496853e-02 2.962826800648878794e-02 6.933675200078146146e-03 5.625837410420150408e-04 5.515412469374355041e-09 7.509011613984499178e-15 4.898149854133061222e-21 2.228015634815103964e-27 6.192570858320401239e-34 8.303397889716348681e-41 5.202052295379027243e-48 1.328023938174933834e-47 6.071147006759797281e-42 1.778418763573418482e-30 7.763880677875521889e-21 6.466963151242488230e-13 1.380488927218929556e-06 5.028657566186200967e-03 2.691507276179439315e-02 6.857470496339759802e-02 1.306043319017526350e-01 2.117091940388774185e-01 3.133440781764074701e-01 4.290784574650427508e-01 5.472914430503740268e-01 6.423320987712850538e-01 7.038130878986061933e-01 7.256805164522178719e-01 7.089818476276104064e-01 6.552817916053177427e-01 5.681655364864093283e-01 4.561939071478675056e-01 3.428332665308405636e-01 2.408703616788997748e-01 1.610481198036017303e-01 9.845222714105418549e-02 5.104605460467632333e-02 1.745108794787085527e-02
3.091931743867614227e-03 3.729667643620413354e-03 3.016467452595910075e-03 1.717791873687290680e-03 1.063945020505506316e-03 1.016050681021897625e-03 1.294096884755318927e-03 1.579754558949440172e-03 1.751402730760333749e-03 1.809384189158482099e-03 1.777166064602691631e-03 1.683787478584908856e-03 1.562143178258003622e-03 4.430745908254074203e-03 1.740541171329719125e-02 4.567465568316581015e-02 9.145805639883024252e-02 1.552780598885764862e-01 2.378951168990104947e-01 3.331273401446143700e-01 4.392156359029155133e-01 5.435046886556842427e-01 6.212271028192369871e-01 6.711557252464156464e-01 6.917943352295321535e-01 6.846454638864081232e-01 6.528772829851842152e-01 5.961170685992394080e-01 5.183137390269448863e-01 4.215233892425072626e-01 3.212401087230847829e-01 2.254067474712601604e-01 1.417567901054199719e-01 8.977908250611571495e-02 7.939397373007722747e-02 1.096981439982095546e-01 1.770640704785655939e-01 2.680179571924706794e-01 3.748031638876425098e-01 4.853453333206022013e-01 5.842871450871216510e-01 6.584258506059941229e-01 7.003691821697907161e-01 7.081028321877511633e-01 6.823526294937756198e-01 6.219238501097377192e-01 5.305013866501233633e-01 4.172663156296443909e-01 3.061828308123617504e-01 2.082405730657596044e-01 1.293052358182194550e-01 6.890584546199671201e-02 2.782528689498407759e-02 5.744907085880004982e-03 1.912896185914246701e-04 1.006856753181867038e-09 3.777517342766682990e-16 1.712426251345246316e-23 3.834118922447006565e-31 6.854724617738107139e-31 2.272240593967605660e-30 7.222441003281535808e-30 2.209967586128025174e-29 6.540318398681958283e-29 1.878891392834562072e-28 5.257645035478821665e-28 1.448205827905624433e-27 1.484451045275074546e-21 1.484615359884811481e-13 3.737729726021290131e-07 5.024118624002836542e-03 2.663172019893726011e-02 6.736205101090304848e-02 1.286982880212844405e-01 2.097392330426199880e-01 3.114113155920663067e-01 4.268424034838907977e-01 5.447750624775102857e-01 6.388289072939425939e-01 6.995827813845524323e-01 7.228531570932842376e-01 7.092010314007242133e-01 6.571782838686585082e-01 5.722509074401489482e-01 4.637157975939099619e-01 3.505336114615114074e-01 2.527950485217146936e-01 1.751444365358947874e-01 1.133125745596596651e-01 6.250794956671179570e-02
2.439500949097742413e-02 2.459654785839393912e-02 2.184527702540111499e-02 1.884970067793938567e-02 1.607928193924525878e-02 1.460624859753473920e-02 1.479424208396924560e-02 1.579500257279307929e-02 1.679311577929523680e-02 1.729334406673708677e-02 1.726229601035967481e-02 1.686939219854253005e-02 1.633786082638574028e-02 1.591816806268525966e-02 1.772740372012248170e-02 2.817783616189302107e-02 5.477427473636523741e-02 1.002064737311996467e-01 1.631353649050935606e-01 2.410725906778161121e-01 3.319040075122963729e-01 4.282629970186366819e-01 5.196782471132649350e-01 5.923447208940293418e-01 6.427609179846182075e-01 6.693097417367201984e-01 6.731989044707540337e-01 6.481398003316709566e-01 5.944651116935408819e-01 5.154611527430797979e-01 4.187731753564545301e-01 3.131327995507157680e-01 2.229966056909779004e-01 1.717882509635137445e-01 1.633468424265130114e-01 1.989439435966209868e-01 2.757179253166804345e-01 3.821864819434693805e-01 4.968642445377648431e-01 5.937789578712173721e-01 6.654052984476078736e-01 7.042779989692832254e-01 7.049143579325418685e-01 6.718266472551677193e-01 6.071025479924759827e-01 5.153904042690813370e-01 4.044819253676984472e-01 2.965576680633170148e-01 2.019598198831017155e-01 1.245017395410414063e-01 6.572510326709092576e-02 2.640188090656069367e-02 5.201860945419240281e-03 3.517945945166656878e-05 1.191795042416571650e-10 7.432592612299969595e-16 1.282677197056449428e-15 2.273795839335059232e-15 3.982039832020401704e-15 6.861830072574533258e-15 1.162081720120249684e-14 1.935716298181211312e-14 3.177227185441578414e-14 5.145691942836923209e-14 8.217938280025106654e-14 1.290727098846137861e-13 1.989352334721699329e-13 3.022210634986495960e-13 4.625271745103745431e-13 7.964501823343179734e-13 1.277228709156496733e-07 5.009390116645411929e-03 2.575269964427098768e-02 6.596408275977611035e-02 1.274035550570857545e-01 2.086959560347302067e-01 3.086436893797803727e-01 4.220008850045016136e-01 5.377804829087210470e-01 6.293066404262166458e-01 6.906161562343179350e-01 7.161919335219499860e-01 7.043052181442348569e-01 6.524759923197326339e-01 5.680882891394838374e-01 4.644752148045425133e-01 3.644904326564476493e-01 2.782213342550658997e-01 2.070347064883757970e-01 1.454680237867739256e-01
8.058031704205362300e-02 8.062698795231842963e-02 7.737868736013443771e-02 7.284959878796461175e-02 6.813309987742573182e-02 6.555764109135944762e-02 6.477691844112176689e-02 6.572677669557179525e-02 6.722247747533141582e-02 6.825308523064220478e-02 6.841363795277075055e-02 6.789605571485550495e-02 6.713180317086726856e-02 6.661047045744317163e-02 6.680842255716544498e-02 6.918014213688795933e-02 7.919964870516173205e-02 1.060119747632549542e-01 1.496246803248870438e-01 2.071428505071248594e-01 2.769986520567873090e-01 3.542256610797153149e-01 4.342253466288061303e-01 5.133512030806203219e-01 5.861923797853617613e-01 6.395576974083554411e-01 6.721966387699865875e-01 6.778312956927555755e-01 6.512221493620888868e-01 5.942191994090377793e-01 5.124425935010793465e-01 4.138586889674755187e-01 3.291808288766868706e-01 2.803745380371298612e-01 2.753252813170803392e-01 3.142242063713270861e-01 3.948307776580793904e-01 4.988773137150317449e-01 5.932554850025509863e-01 6.626715012187369691e-01 7.002551063650911400e-01 6.991478047690361519e-01 6.622605661406464339e-01 5.925378955555780092e-01 4.981339568469369539e-01 3.890188181018444102e-01 2.840962950253027586e-01 1.934076788456765006e-01 1.191907930210499289e-01 6.230206576544924241e-02 2.454989543665931848e-02 4.992878084497207047e-03 7.800051118175290420e-05 8.408443486702971853e-05 1.013065599286729215e-04 1.241178182746054950e-04 1.507958779061957467e-04 1.801468292716401599e-04 2.113658105793140174e-04 2.438919103119871262e-04 2.774697661458262201e-04 3.122599975408749421e-04 3.487565479551628313e-04 3.873361271525635496e-04 4.274941749570648915e-04 4.672156239163460421e-04 5.032119074376250863e-04 5.324844462334104179e-04 5.549078801818295393e-04 5.754200402997431329e-04 6.043032720745261481e-04 6.528431756642259602e-04 5.363687807247858631e-03 2.568648501867778350e-02 6.618910148040083041e-02 1.273198351102758641e-01 2.067907241311913724e-01 3.029617859233999511e-01 4.124678583893749417e-01 5.241895446984712326e-01 6.149638086943495230e-01 6.752716641452488622e-01 6.974354642489578593e-01 6.829530221320236905e-01 6.329325246674872840e-01 5.582096533935335669e-01 4.760058728458628208e-01 3.941148971430261105e-01 3.218249190058339870e-01 2.586549030083897249e-01
1.770041411240798612e-01 1.763551921931354738e-01 1.729246245927422154e-01 1.678612436918339723e-01 1.620237466833951145e-01 1.586051642356261226e-01 1.568865991668839943e-01 1.576572040144256781e-01 1.594813908217748433e-01 1.609812698646751195e-01 1.613570171709070300e-01 1.607665211881930956e-01 1.598293688729991446e-01 1.592598713432233637e-01 1.597385676000870891e-01 1.617356156229001196e-01 1.657565764200732150e-01 1.765391124691682578e-01 2.019565384802029795e-01 2.394670216220963488e-01 2.879852300671538745e-01 3.430495042027221220e-01 4.039914740802220683e-01 4.715278738392121305e-01 5.422668246890252064e-01 6.080888679055470591e-01 6.633652461140409073e-01 6.952945335953456540e-01 6.952614612502584501e-01 6.621339069282765610e-01 6.013264946477520079e-01 5.232238375852121814e-01 4.500735956318089315e-01 4.073183902857230310e-01 4.061953213105783389e-01 4.438645886026964527e-01 5.166124918830212742e-01 5.977739807541678774e-01 6.603371884289810367e-01 6.939805118794316607e-01 6.926194164771805051e-01 6.548383282037423259e-01 5.825231248570102993e-01 4.843174131302366847e-01 3.785773805200973730e-01 2.766303996997353520e-01 1.894157282663363751e-01 1.189908828969108989e-01 6.534865917911483746e-02 2.935874821281323627e-02 1.107842700684620769e-02 6.783489838446687265e-03 6.776237118355126106e-03 6.828754527306689880e-03 6.928248568842560427e-03 7.064340277181025210e-03 7.227822146036609954e-03 7.410813737053992961e-03 7.607486129314736979e-03 7.814446056284217804e-03 8.030478706584492921e-03 8.255925511254227217e-03 8.491253793602340783e-03 8.734682235787641705e-03 8.979915507010941683e-03 9.215977574103865338e-03 9.431025302353865034e-03 9.620093571040268590e-03 9.794241685538170039e-03 9.983843377446245324e-03 1.022760248125613620e-02 1.054784638938881594e-02 1.093463250480043551e-02 1.561662397305330074e-02 3.659737751245361465e-02 7.696866783222479358e-02 1.359333744176879355e-01 2.115637600653355321e-01 3.028723081042458687e-01 4.066627157196719411e-01 5.105413618827293609e-01 5.959427866937447860e-01 6.507380342156512398e-01 6.714083590676923619e-01 6.607388730200891569e-01 6.251059089572568173e-01 5.757328833578096994e-01 5.125964674888625616e-01 4.486213737379187716e-01 3.912466287433619683e-01
3.115768728623387052e-01 3.101084163326143783e-01 3.061756335663185502e-01 3.007161084388288996e-01 2.949213468409154215e-01 2.909246787203124129e-01 2.893186952828921132e-01 2.898091209566761028e-01 2.916565509913478516e-01 2.933256353578600484e-01 2.938745320939812888e-01 2.933197852343661927e-01 2.923440864331854350e-01 2.918313905849539980e-01 2.926064383489204723e-01 2.952044654400068358e-01 2.996374616172683969e-01 3.053831672104619921e-01 3.163967302256638914e-01 3.357066679155463751e-01 3.647498772315620474e-01 3.998134360883157101e-01 4.404518558492528935e-01 4.902651798475828882e-01 5.463974761717002027e-01 6.078850225492455905e-01 6.706529575073839622e-01 7.171435895435430696e-01 7.359280161459602621e-01 7.251225436810553315e-01 6.900374426791843208e-01 6.351052409476201088e-01 5.795537370520633669e-01 5.476814857969477535e-01 5.478402342529042901e-01 5.783009658662792152e-01 6.324244294728923466e-01 6.821579974467014695e-01 7.103589954264708517e-01 7.077509838101130324e-01 6.723161611810453131e-01 6.015480162102720962e-01 5.021271582902961939e-01 3.983782530721901582e-01 3.022975885987570499e-01 2.181426738513994878e-01 1.512613447431642444e-01 1.014090623784941747e-01 6.857975490833380372e-02 5.153487720517173354e-02 4.765011637116198934e-02 4.745832587295503030e-02 4.742424472706702893e-02 4.751637090951445208e-02 4.770713043853151702e-02 4.797446875300234032e-02 4.830005910096481225e-02 4.866854439509010061e-02 4.906817756106335304e-02 4.949174246146782752e-02 4.993618187231411293e-02 5.040049707554832004e-02 5.088243561561044126e-02 5.137488007622927066e-02 5.186398810018520711e-02 5.233177851638114164e-02 5.276448492633734055e-02 5.316512573959709248e-02 5.356300208908019306e-02 5.400835298339833057e-02 5.454719997501797368e-02 5.519565320400324215e-02 5.594600785635645696e-02 5.680355091570006565e-02 6.238082616035203060e-02 8.371887953169930563e-02 1.217490632372148496e-01 1.762397145868466186e-01 2.462067894707772042e-01 3.307356163908589664e-01 4.206892875079686900e-01 5.093529859944617710e-01 5.893171661838200182e-01 6.429369656295590429e-01 6.663121571002922350e-01 6.668078130381246416e-01 6.513582607713370720e-01 6.223235493902404825e-01 5.790625737568607656e-01 5.368472197267050161e-01
4.766220588875840769e-01 4.749356963718467384e-01 4.691450794423172588e-01 4.627960101761610656e-01 4.575919756906579039e-01 4.544815189356019580e-01 4.531974413466906548e-01 4.538492177157676388e-01 4.558644784208883416e-01 4.576461598439044987e-01 4.582244314176658895e-01 4.575933945669221070e-01 4.564870079080617926e-01 4.558886519043891528e-01 4.567191252944418078e-01 4.595781901870489294e-01 4.644949332222196303e-01 4.708096499922479472e-01 4.772958632721164829e-01 4.851061474293371090e-01 4.978346416317479539e-01 5.153854973051221755e-01 5.374436567463163339e-01 5.680828516280065354e-01 6.077852337848324016e-01 6.558303663098852265e-01 7.106505505568326830e-01 7.633061772251217292e-01 7.933058497889670102e-01 7.982836910090793658e-01 7.810939422968151691e-01 7.477646503285472201e-01 7.107648400667530009e-01 6.895904702484575433e-01 6.882039473787422423e-01 7.061146841273407970e-01 7.336714502198313781e-01 7.525767416581665703e-01 7.481474604358062663e-01 7.147768254353471518e-01 6.514921906860537959e-01 5.582009132772690618e-01 4.570698332191799329e-01 3.659616850605273419e-01 2.885121137452472118e-01 2.254691866942082623e-01 1.788973834512078698e-01 1.496572560746687319e-01 1.353604488123327787e-01 1.311774490164022700e-01 1.306227497105963975e-01 1.303219227892122578e-01 1.302576373871483784e-01 1.303851797055579909e-01 1.306622982904007135e-01 1.310551960971137186e-01 1.315364927362766556e-01 1.320837312319560197e-01 1.326796535187517445e-01 1.333132388446812977e-01 1.339793447996468212e-01 1.346752612326172494e-01 1.353956899352874998e-01 1.361282096028980371e-01 1.368520807576288356e-01 1.375435770258476853e-01 1.381883745153414667e-01 1.387982210521285509e-01 1.394191580601779057e-01 1.401171292099346599e-01 1.409415733228635836e-01 1.419053242289841921e-01 1.430114606193465809e-01 1.442969451270341708e-01 1.458500189022908788e-01 1.525787535975546838e-01 1.718378035675165172e-01 2.050414415635171128e-01 2.535628478580296274e-01 3.133324676582049384e-01 3.787199633211234540e-01 4.547036099346262183e-01 5.388697181463020236e-01 6.149751500747403510e-01 6.667537065637729743e-01 6.968156929456621462e-01 7.110340856737322746e-01 7.116756939814710137e-01 7.007253255226059130e-01 6.833213743150335917e-01
6.457290908898671855e-01 6.400132299714711426e-01 6.349787302109455300e-01 6.305877804598107872e-01 6.278006009454989433e-01 6.259569987284274717e-01 6.243409228433463021e-01 6.248344304887923917e-01 6.266934702888562470e-01 6.283730436468597524e-01 6.289253898031003098e-01 6.283671567595588980e-01 6.273853263950914805e-01 6.268694086232117213e-01 6.276493270033802752e-01 6.302636808204750141e-01 6.347245306752221650e-01 6.404004089467630889e-01 6.461423278213344057e-01 6.506581052788161790e-01 6.531599301589307016e-01 6.577552343896383436e-01 6.662985499332377826e-01 6.818503625254254130e-01 7.051333458573831869e-01 7.379398570326696216e-01 7.786944639819832759e-01 8.196682212807681056e-01 8.501848885550608026e-01 8.650207750117191452e-01 8.609376669765943513e-01 8.416006623661507202e-01 8.202538567055149832e-01 8.076617941325233696e-01 8.051436774011343500e-01 8.098112838256660284e-01 8.152295575169763442e-01 8.090930170976796676e-01 7.783707807741682139e-01 7.205476861193562677e-01 6.418398326580118107e-01 5.512991339239703414e-01 4.649807801438807231e-01 3.921233507909762661e-01 3.354246953805612996e-01 2.927280361147331922e-01 2.662954056074585685e-01 2.550409184490913250e-01 2.514652629185694654e-01 2.505256280391615076e-01 2.498217384993099699e-01 2.494233229781078198e-01 2.493239730324178782e-01 2.494758352232302745e-01 2.498256670460787532e-01 2.503283842295881967e-01 2.509476596735221721e-01 2.516545008841025166e-01 2.524269433326676859e-01 2.532504526848426973e-01 2.541170748316269878e-01 2.550215209341507028e-01 2.559553567816036379e-01 2.569021257046690820e-01 2.578368393440807482e-01 2.587329559126488876e-01 2.595773562507668886e-01 2.603879207043527377e-01 2.612191967296526030e-01 2.621435764210832686e-01 2.632176369144431094e-01 2.644701366966981104e-01 2.659261793963145770e-01 2.676396173549402402e-01 2.696770886605049933e-01 2.719550184146934946e-01 2.778993176767826090e-01 2.924938382968804151e-01 3.201721638510103829e-01 3.558591628869370305e-01 3.970226194238532513e-01 4.535840363971868072e-01 5.240137676397790267e-01 5.997506580384744934e-01 6.674193068488383229e-01 7.217387373673413986e-01 7.608406281621767908e-01 7.822830163713594409e-01 7.947894715517933584e-01 7.996887818404911918e-01
7.831929023516726041e-01 7.759640444002651183e-01 7.715400786075772288e-01 7.692195686641754016e-01 7.688916699517562847e-01 7.677873219910373859e-01 7.659854074139317293e-01 7.667933861941532703e-01 7.687060451090302893e-01 7.702786675022431639e-01 7.706726383566042671e-01 7.700535036270979017e-01 7.690708999140176694e-01 7.684737820514501161e-01 7.689756948267573167e-01 7.710695910042665302e-01 7.748072993989556512e-01 7.796518373221424936e-01 7.845686464038357233e-01 7.883932837259484128e-01 7.902872436242857068e-01 7.901665185181656614e-01 7.894592937640967367e-01 7.937191569556032444e-01 8.049036646482364832e-01 8.235944935029542169e-01 8.482867205009373412e-01 8.770753721138829784e-01 9.031974842484778998e-01 9.198315183825629404e-01 9.223223474287743917e-01 9.134326324880531756e-01 9.016183094150139743e-01 8.944305123914201294e-01 8.905134606561230237e-01 8.860185268577562834e-01 8.776129556011538213e-01 8.530639713392533796e-01 8.055095571132461219e-01 7.389230325689212231e-01 6.617079650863052498e-01 5.836987770072922244e-01 5.151950896412016423e-01 4.614994768290769378e-01 4.237918607831762663e-01 4.000948539553692007e-01 3.910913505695694514e-01 3.889293431508262233e-01 3.877169569574117625e-01 3.866321888894745373e-01 3.858223868531093226e-01 3.853624726355981411e-01 3.852470290004577635e-01 3.854235611123931760e-01 3.858311814144815277e-01 3.864168286297187671e-01 3.871377540539500117e-01 3.879602973880468819e-01 3.888591093070190574e-01 3.898172170554930482e-01 3.908250464321872397e-01 3.918763032403335123e-01 3.929615746640062746e-01 3.940626988231880623e-01 3.951517170162428538e-01 3.961980379055675128e-01 3.971851166797558674e-01 3.981306461731599078e-01 3.990941119517741886e-01 4.001579812636801847e-01 4.013936825960176535e-01 4.028488832004892828e-01 4.045621370478218459e-01 4.065837799214367942e-01 4.089525512962651765e-01 4.115378393090628473e-01 4.138780447771835957e-01 4.172161029065987181e-01 4.253690421710960012e-01 4.398378252985624126e-01 4.612950208407114450e-01 4.962516809335937307e-01 5.468421130077728565e-01 6.105855344362078885e-01 6.821263620630333424e-01 7.530358327991573120e-01 8.030171288357546011e-01 8.375994350084330353e-01 8.627050852214817045e-01 8.825141147701157651e-01
8.866181214850261672e-01 8.799592266077262970e-01 8.768044144285157548e-01 8.757865617203127728e-01 8.763360388526089118e-01 8.747553013071018846e-01 8.738595070581059998e-01 8.749493660002524154e-01 8.766655198178976427e-01 8.778480300216132681e-01 8.780322467919347007e-01 8.774383775197086566e-01 8.765614809246413675e-01 8.759633083900568717e-01 8.761904280655430366e-01 8.776538708447558790e-01 8.804558590985103184e-01 8.842345726087071922e-01 8.881788883596130058e-01 8.912942913345552887e-01 8.928076880383208902e-01 8.925417670299130579e-01 8.913185363062858801e-01 8.916055000057933055e-01 8.953422580596945846e-01 9.030645323889219256e-01 9.164439479835279068e-01 9.335927113965584168e-01 9.502211243032222532e-01 9.618080947265663649e-01 9.668926333788059324e-01 9.646125145995512185e-01 9.587439984991941166e-01 9.546431279759181043e-01 9.509745875935078363e-01 9.408916312315885877e-01 9.223070290732594545e-01 8.894511987064879222e-01 8.397662204445712764e-01 7.761371257233712351e-01 7.102813866188223413e-01 6.498191225750282740e-01 5.992846677114630483e-01 5.635553129819045326e-01 5.441923073725064564e-01 5.370433686569275888e-01 5.358837544827589339e-01 5.347767600950064093e-01 5.335947793219085744e-01 5.325234218336518666e-01 5.317208291014994259e-01 5.312665455127124625e-01 5.311532641573781799e-01 5.313264213212099962e-01 5.317253085355683195e-01 5.322985195582433660e-01 5.330046332980901136e-01 5.338105917703106496e-01 5.346913504561341401e-01 5.356303369348266452e-01 5.366184817273460528e-01 5.376497543639860988e-01 5.387145379412990875e-01 5.397940681429331811e-01 5.408598526008729923e-01 5.418816276886787575e-01 5.428444346038099333e-01 5.437686609738888732e-01 5.447165032022799336e-01 5.457705045910560271e-01 5.469951757581448248e-01 5.484233075260430690e-01 5.500835221686259935e-01 5.520372155894096577e-01 5.543603215127569372e-01 5.569558859770539216e-01 5.593200779813460866e-01 5.607175371462551627e-01 5.586166433596494452e-01 5.551544934671274190e-01 5.579955712025719272e-01 5.743155070888077418e-01 6.052323377940365123e-01 6.477996361021953753e-01 7.107664186988439381e-01 7.840461186666777271e-01 8.391799953437064641e-01 8.803079410042399244e-01 9.136909072802388287e-01 9.433313173164294962e-01
9.578777797387095783e-01 9.535710984200563844e-01 9.521230810479741624e-01 9.513929181990782302e-01 9.507936144046714722e-01 9.493642072644317143e-01 9.496154074944886947e-01 9.509526414050492038e-01 9.522863379700301500e-01 9.529547518777126136e-01 9.529132649142396660e-01 9.523882598739550343e-01 9.516780182294120038e-01 9.511172075164212592e-01 9.510482275308819178e-01 9.517702826783221992e-01 9.534316524714653296e-01 9.558893193052465653e-01 9.586356839583324296e-01 9.609093114621838350e-01 9.620053478755731247e-01 9.616295123505815834e-01 9.601388424185554049e-01 9.587618499387851045e-01 9.599904857340737507e-01 9.645324943351547553e-01 9.714003770920868197e-01 9.792380950427832520e-01 9.869813674984219132e-01 9.932445443454973599e-01 9.958560357474987024e-01 9.947235604120191477e-01 9.926597320669316993e-01 9.914080466889603205e-01 9.866149786191398263e-01 9.743964762573427141e-01 9.515131837721675367e-01 9.174404311319591665e-01 8.713081217628354525e-01 8.195200917414360298e-01 7.698415259191938587e-01 7.257693798772777427e-01 6.928986243550940838e-01 6.758538262578619449e-01 6.717393829070588129e-01 6.713729685431257810e-01 6.705709391633768446e-01 6.695432895870663259e-01 6.684268125315305786e-01 6.674165095248476565e-01 6.666753505266689306e-01 6.662733802641055414e-01 6.661874809701135991e-01 6.663579052775487899e-01 6.667281960444525479e-01 6.672531930606003803e-01 6.678963101641395284e-01 6.686275399456182988e-01 6.694238218720227618e-01 6.702704298191234367e-01 6.711604924073441003e-01 6.720903882847931721e-01 6.730530378915485779e-01 6.740318436598805585e-01 6.749990931316854903e-01 6.759230827056131874e-01 6.767846725423890542e-01 6.775995602937862072e-01 6.784292673206381297e-01 6.793619086991159461e-01 6.804635453535138323e-01 6.817513256399926336e-01 6.832293614590363440e-01 6.849470334266984928e-01 6.870213777971095892e-01 6.894789992734617901e-01 6.918649993472452131e-01 6.933151843529035130e-01 6.909863158980330544e-01 6.796955184807721428e-01 6.654195204744697278e-01 6.648423189691653468e-01 6.789988236612940486e-01 7.092460185891927837e-01 7.562083448853573753e-01 8.145891394585095258e-01 8.690341048663092760e-01 9.135147018705802591e-01 9.519135419094203465e-01 9.820071974945597804e-01
9.927637910877636918e-01 9.923575371097089759e-01 9.929380280094849409e-01 9.917797830628970468e-01 9.911268325722492056e-01 9.911220777662778092e-01 9.915941528850198416e-01 9.920791509848105871e-01 9.923705803587830054e-01 9.924690230042519934e-01 9.924143221136405568e-01 9.922557811715563281e-01 9.920492312957279735e-01 9.918644192574266327e-01 9.917814775188000809e-01 9.918755225805887532e-01 9.922025063296588954e-01 9.927730644412519068e-01 9.935059221719260147e-01 9.941943595464667327e-01 9.945600878101936715e-01 9.944182182827647765e-01 9.938410284223379021e-01 9.931508204196248801e-01 9.927810516539314900e-01 9.933179268322007704e-01 9.956703395886956631e-01 9.983139783314931570e-01 9.999220478481714025e-01 1.000000000000000000e+00 1.000000000000000000e+00 1.000000000000000000e+00 9.999889825522451092e-01 9.997764749798451200e-01 9.974159127850266149e-01 9.877044107631595127e-01 9.685750462766632429e-01 9.393788446127088188e-01 9.037533952211598276e-01 8.669273537400697949e-01 8.317503309800534650e-01 8.044850443097872894e-01 7.900686207602160005e-01 7.879583896405544241e-01 7.888777874201861051e-01 7.884484080433892261e-01 7.877373190314421736e-01 7.867943775095103121e-01 7.857821909440342312e-01 7.848940303970716181e-01 7.842675612105433069e-01 7.839420327535087107e-01 7.838841687699337202e-01 7.840405833439663130e-01 7.843644605489089594e-01 7.848183554946046581e-01 7.853711524762049256e-01 7.859967777738436912e-01 7.866752868551721845e-01 7.873944279473326091e-01 7.881490104044359679e-01 7.889373385732150190e-01 7.897555881675402123e-01 7.905916750261965387e-01 7.914220971830724372e-01 7.922163256706091783e-01 7.929509874873466035e-01 7.936312073774499654e-01 7.943067336715012861e-01 7.950628636343805011e-01 7.959777339489405579e-01 7.970786965667464585e-01 7.983526686835126229e-01 7.998082402290274118e-01 8.015271625129023469e-01 8.035873024611953630e-01 8.057504503426743403e-01 8.072930575814653009e-01 8.072936702514149632e-01 7.970378178351295029e-01 7.765448687950095019e-01 7.606647550061974572e-01 7.585836856528559435e-01 7.738705596503748785e-01 8.066356714884104218e-01 8.495961066368228343e-01 8.948816203898852795e-01 9.380059781840616173e-01 9.776118123965454876e-01 9.997450095409937676e-01
